0.5142630338668823 0.9616178274154663 -1.5825901700239342e-09
0.4138776361942291 0.8796485662460327 -0.05306726694107056
0.3498871624469757 0.7488651275634766 -0.08576859533786774
0.32044121623039246 0.6181114912033081 -0.1195647194981575
0.2842673659324646 0.5258012413978577 -0.15541662275791168
0.44328922033309937 0.5121877193450928 -0.019782550632953644
0.42197903990745544 0.321538507938385 -0.04747438803315163
0.41118288040161133 0.20781981945037842 -0.0769779235124588
0.40490204095840454 0.11222332715988159 -0.10134144127368927
0.511414647102356 0.49769726395606995 -0.023972587659955025
0.5047441124916077 0.290824830532074 -0.050072453916072845
0.5035091042518616 0.15473225712776184 -0.08877725899219513
0.5054373741149902 0.05352863669395447 -0.12017393112182617
0.5725931525230408 0.5258371233940125 -0.0364229641854763
0.5822973251342773 0.3299292325973511 -0.06471456587314606
0.5918698310852051 0.2054409384727478 -0.10458116233348846
0.5976367592811584 0.10598388314247131 -0.134477436542511
0.6294409036636353 0.5886008143424988 -0.0563773512840271
0.6588639616966248 0.4473169445991516 -0.08318064361810684
0.6748949885368347 0.3526824414730072 -0.10952385514974594
0.6840506792068481 0.2702785134315491 -0.1306205540895462
