0.4182800352573395 0.9664553999900818 -6.7236274325921386e-09
0.3200918138027191 0.8892015814781189 -0.05840204283595085
0.2497025728225708 0.7390130162239075 -0.08665096759796143
0.21211256086826324 0.6015101671218872 -0.1125643253326416
0.16941417753696442 0.5134139060974121 -0.1391879916191101
0.36242160201072693 0.49116894602775574 -0.027523111552000046
0.3402087986469269 0.3058125972747803 -0.05010591819882393
0.3294011950492859 0.1956166923046112 -0.07112077623605728
0.32276108860969543 0.10624870657920837 -0.08769011497497559
0.43655720353126526 0.476825475692749 -0.02228344790637493
0.4421849846839905 0.271650493144989 -0.03950987011194229
0.44817379117012024 0.14726853370666504 -0.06452754139900208
0.45597371459007263 0.04581490159034729 -0.08591804653406143
0.5028601884841919 0.5150018334388733 -0.025343049317598343
0.5397320985794067 0.3339020311832428 -0.046087805181741714
0.5696539878845215 0.2148893177509308 -0.0748463124036789
0.5914949178695679 0.1140214204788208 -0.09611670672893524
0.5586392879486084 0.5956728458404541 -0.03675548732280731
0.6124438047409058 0.482380211353302 -0.05654450133442879
0.6456372737884521 0.41271910071372986 -0.07512525469064713
0.6719182133674622 0.348026841878891 -0.08938442170619965
